#ChipScope Pro Analyzer Project File, Version 3.0
#Wed Nov 18 16:28:22 MSK 2020
mdiAreaHeight=0.6985507246376812
mdiAreaHeightLast=0.6985507246376812
mdiCount=0
navigatorHeight=0.17971014492753623
navigatorHeightLast=0.17971014492753623
navigatorWidth=0.18
navigatorWidthLast=0.18
signalDisplayPath=0
unit.-1.-1.username=
